/*--------------------------------*- C++ -*----------------------------------*\
  =========                 |
  \\      /  F ield         | OpenFOAM: The Open Source CFD Toolbox
   \\    /   O peration     | Website:  https://openfoam.org
    \\  /    A nd           | Version:  13
     \\/     M anipulation  |
\*---------------------------------------------------------------------------*/
FoamFile
{
    format      binary;
    class       cellSet;
    location    "constant/polyMesh/sets";
    object      addedCells;
}
// * * * * * * * * * * * * * * * * * * * * * * * * * * * * * * * * * * * * * //


224
(
77324 
77325 
77326 
77327 
77328 
77329 
77330 
77331 
77332 
77333 
77334 
77335 
77336 
77337 
77338 
77339 
77340 
77341 
77342 
77343 
77344 
77345 
77346 
77347 
77348 
77349 
77350 
77351 
77352 
77353 
77354 
77355 
77356 
77357 
77358 
77359 
77360 
77361 
77362 
77363 
77364 
77365 
77366 
77367 
77368 
77369 
77370 
77371 
77372 
77373 
77374 
77375 
77376 
77377 
77378 
77379 
77380 
77381 
77382 
77383 
77384 
77385 
77386 
77387 
77388 
77389 
77390 
77391 
77392 
77393 
77394 
77395 
77396 
77397 
77398 
77399 
77400 
77401 
77402 
77403 
77404 
77405 
77406 
77407 
77408 
77409 
77410 
77411 
77412 
77413 
77414 
77415 
77416 
77417 
77418 
77419 
77420 
77421 
77422 
77423 
77424 
77425 
77426 
77427 
77428 
77429 
77430 
77431 
77432 
77433 
77434 
77435 
77436 
77437 
77438 
77439 
77440 
77441 
77442 
77443 
77444 
77445 
77446 
77447 
77448 
77449 
77450 
77451 
77452 
77453 
77454 
77455 
77456 
77457 
77458 
77459 
77460 
77461 
77462 
77463 
77464 
77465 
77466 
77467 
77468 
77469 
77470 
77471 
77472 
77473 
77474 
77475 
77476 
77477 
77478 
77479 
77480 
77481 
77482 
77483 
77484 
77485 
77486 
77487 
77488 
77489 
77490 
77491 
89836 
89837 
89838 
89839 
89840 
89841 
89842 
89843 
89844 
89845 
89846 
89847 
89848 
89849 
89850 
89851 
89852 
89853 
89854 
89855 
89856 
89857 
89858 
89859 
89860 
89861 
89862 
89863 
89864 
89865 
89866 
89867 
89868 
89869 
89870 
89871 
89872 
89873 
89874 
89875 
89876 
89877 
89878 
89879 
89880 
89881 
89882 
89883 
89884 
89885 
89886 
89887 
89888 
89889 
89890 
89891 
)

// ************************************************************************* //
