# Force coefficients
# liftDir     : (0.000000e+00 0.000000e+00 1.000000e+00)
# dragDir     : (1.000000e+00 0.000000e+00 0.000000e+00)
# pitchAxis   : (0.000000e+00 1.000000e+00 0.000000e+00)
# magUInf     : 2.000000e+01
# lRef        : 7.000000e-01
# Aref        : 1.820000e-01
# CofR        : (7.200000e-01 0.000000e+00 0.000000e+00)
# Time        	Cm            	Cd            	Cl            	Cl(f)         	Cl(r)         
0             	-3.318586e-05	9.139639e-03	-1.580986e-05	-4.109079e-05	2.528092e-05
1             	3.244587e-04	2.360800e-02	4.528742e-04	5.508957e-04	-9.802158e-05
2             	6.535248e-04	3.544156e-02	8.464037e-04	1.076727e-03	-2.303229e-04
3             	9.041821e-04	4.447460e-02	1.150989e-03	1.479677e-03	-3.286875e-04
4             	1.116039e-03	5.052415e-02	1.399647e-03	1.815863e-03	-4.162155e-04
5             	1.311391e-03	5.430662e-02	1.619791e-03	2.121287e-03	-5.014960e-04
6             	1.526722e-03	5.648197e-02	1.848496e-03	2.450970e-03	-6.024737e-04
7             	1.732984e-03	5.762998e-02	2.058281e-03	2.762124e-03	-7.038438e-04
8             	1.900332e-03	5.814938e-02	2.219955e-03	3.010310e-03	-7.903548e-04
9             	1.997560e-03	5.825457e-02	2.306678e-03	3.150899e-03	-8.442208e-04
10            	2.039439e-03	5.809878e-02	2.333359e-03	3.206119e-03	-8.727593e-04
11            	2.000062e-03	5.777904e-02	2.276950e-03	3.138537e-03	-8.615874e-04
12            	1.925534e-03	5.736319e-02	2.185318e-03	3.018193e-03	-8.328750e-04
13            	1.839025e-03	5.691000e-02	2.084101e-03	2.881075e-03	-7.969742e-04
14            	1.749537e-03	5.647061e-02	1.980314e-03	2.739694e-03	-7.593802e-04
15            	1.675387e-03	5.604708e-02	1.892969e-03	2.621872e-03	-7.289024e-04
16            	1.609484e-03	5.567114e-02	1.819370e-03	2.519169e-03	-6.997988e-04
17            	1.551362e-03	5.535859e-02	1.754778e-03	2.428751e-03	-6.739730e-04
18            	1.495964e-03	5.509851e-02	1.697196e-03	2.344562e-03	-6.473659e-04
19            	1.443828e-03	5.490274e-02	1.644328e-03	2.265992e-03	-6.216638e-04
20            	1.391156e-03	5.475883e-02	1.595085e-03	2.188698e-03	-5.936137e-04
21            	1.344411e-03	5.465718e-02	1.552051e-03	2.120437e-03	-5.683859e-04
22            	1.304520e-03	5.459168e-02	1.513828e-03	2.061434e-03	-5.476059e-04
23            	1.267153e-03	5.455181e-02	1.481385e-03	2.007845e-03	-5.264606e-04
24            	1.238689e-03	5.453020e-02	1.454930e-03	1.966154e-03	-5.112237e-04
25            	1.211289e-03	5.452562e-02	1.431159e-03	1.926869e-03	-4.957098e-04
26            	1.187060e-03	5.452670e-02	1.411335e-03	1.892728e-03	-4.813924e-04
27            	1.169184e-03	5.453501e-02	1.395613e-03	1.866991e-03	-4.713778e-04
28            	1.152441e-03	5.454823e-02	1.382269e-03	1.843576e-03	-4.613072e-04
29            	1.140708e-03	5.456817e-02	1.372881e-03	1.827149e-03	-4.542677e-04
30            	1.131846e-03	5.458527e-02	1.366374e-03	1.815033e-03	-4.486592e-04
31            	1.128374e-03	5.460644e-02	1.363381e-03	1.810064e-03	-4.466829e-04
32            	1.125117e-03	5.462450e-02	1.362890e-03	1.806561e-03	-4.436716e-04
33            	1.127340e-03	5.464337e-02	1.364964e-03	1.809822e-03	-4.448581e-04
34            	1.128354e-03	5.466248e-02	1.367723e-03	1.812216e-03	-4.444923e-04
35            	1.133325e-03	5.467481e-02	1.372406e-03	1.819528e-03	-4.471223e-04
36            	1.137775e-03	5.469009e-02	1.377861e-03	1.826706e-03	-4.488444e-04
37            	1.143114e-03	5.470022e-02	1.383081e-03	1.834654e-03	-4.515731e-04
38            	1.149316e-03	5.471428e-02	1.389434e-03	1.844033e-03	-4.545984e-04
39            	1.156513e-03	5.472060e-02	1.395348e-03	1.854188e-03	-4.588393e-04
40            	1.162852e-03	5.473129e-02	1.401027e-03	1.863366e-03	-4.623387e-04
41            	1.167447e-03	5.473739e-02	1.406842e-03	1.870868e-03	-4.640255e-04
42            	1.174080e-03	5.473968e-02	1.412606e-03	1.880382e-03	-4.677768e-04
43            	1.181215e-03	5.474557e-02	1.417689e-03	1.890059e-03	-4.723707e-04
44            	1.184546e-03	5.475106e-02	1.422559e-03	1.895825e-03	-4.732659e-04
45            	1.191894e-03	5.474977e-02	1.427809e-03	1.905798e-03	-4.779892e-04
46            	1.196438e-03	5.475711e-02	1.432216e-03	1.912546e-03	-4.803301e-04
47            	1.202321e-03	5.475509e-02	1.437011e-03	1.920827e-03	-4.838156e-04
48            	1.207745e-03	5.475921e-02	1.442340e-03	1.928915e-03	-4.865749e-04
49            	1.213063e-03	5.475874e-02	1.446931e-03	1.936529e-03	-4.895977e-04
50            	1.218512e-03	5.476464e-02	1.451545e-03	1.944284e-03	-4.927391e-04
51            	1.222952e-03	5.476315e-02	1.456343e-03	1.951123e-03	-4.947804e-04
52            	1.227735e-03	5.476627e-02	1.460038e-03	1.957754e-03	-4.977164e-04
53            	1.233701e-03	5.476562e-02	1.465487e-03	1.966444e-03	-5.009570e-04
54            	1.237956e-03	5.476576e-02	1.469363e-03	1.972638e-03	-5.032746e-04
55            	1.242737e-03	5.476434e-02	1.472926e-03	1.979199e-03	-5.062738e-04
56            	1.246724e-03	5.476790e-02	1.477072e-03	1.985260e-03	-5.081876e-04
57            	1.250612e-03	5.476205e-02	1.480434e-03	1.990830e-03	-5.103951e-04
58            	1.255111e-03	5.476799e-02	1.483557e-03	1.996889e-03	-5.133321e-04
59            	1.258478e-03	5.476510e-02	1.487209e-03	2.002082e-03	-5.148737e-04
60            	1.263247e-03	5.476349e-02	1.490523e-03	2.008508e-03	-5.179853e-04
61            	1.265930e-03	5.476468e-02	1.493512e-03	2.012687e-03	-5.191742e-04
62            	1.268850e-03	5.476273e-02	1.496567e-03	2.017133e-03	-5.205666e-04
63            	1.274237e-03	5.476199e-02	1.500182e-03	2.024328e-03	-5.241460e-04
64            	1.277531e-03	5.476122e-02	1.503517e-03	2.029290e-03	-5.257727e-04
65            	1.281097e-03	5.476010e-02	1.507062e-03	2.034628e-03	-5.275659e-04
66            	1.285805e-03	5.476104e-02	1.511133e-03	2.041371e-03	-5.302387e-04
67            	1.290696e-03	5.475353e-02	1.514775e-03	2.048084e-03	-5.333090e-04
68            	1.294282e-03	5.475991e-02	1.518627e-03	2.053595e-03	-5.349684e-04
69            	1.299610e-03	5.475236e-02	1.523404e-03	2.061311e-03	-5.379078e-04
70            	1.304283e-03	5.475337e-02	1.527764e-03	2.068165e-03	-5.404010e-04
71            	1.310248e-03	5.475359e-02	1.532777e-03	2.076636e-03	-5.438596e-04
72            	1.313757e-03	5.474778e-02	1.537603e-03	2.082558e-03	-5.449553e-04
73            	1.321249e-03	5.474862e-02	1.542761e-03	2.092629e-03	-5.498680e-04
74            	1.326006e-03	5.474727e-02	1.548003e-03	2.100008e-03	-5.520043e-04
75            	1.333169e-03	5.473967e-02	1.553689e-03	2.110014e-03	-5.563248e-04
76            	1.337982e-03	5.474205e-02	1.558901e-03	2.117432e-03	-5.585309e-04
77            	1.344972e-03	5.473750e-02	1.565562e-03	2.127753e-03	-5.621906e-04
78            	1.351908e-03	5.473455e-02	1.571887e-03	2.137851e-03	-5.659642e-04
79            	1.359102e-03	5.473117e-02	1.578268e-03	2.148236e-03	-5.699681e-04
80            	1.365770e-03	5.473348e-02	1.584527e-03	2.158033e-03	-5.735061e-04
81            	1.373153e-03	5.472511e-02	1.591573e-03	2.168940e-03	-5.773664e-04
82            	1.379815e-03	5.472630e-02	1.597491e-03	2.178561e-03	-5.810700e-04
83            	1.388629e-03	5.472425e-02	1.605006e-03	2.191132e-03	-5.861256e-04
84            	1.394274e-03	5.472248e-02	1.611273e-03	2.199910e-03	-5.886378e-04
85            	1.402632e-03	5.471701e-02	1.617863e-03	2.211563e-03	-5.937004e-04
86            	1.407771e-03	5.472141e-02	1.623876e-03	2.219709e-03	-5.958329e-04
87            	1.416412e-03	5.471117e-02	1.630652e-03	2.231738e-03	-6.010862e-04
88            	1.422102e-03	5.471325e-02	1.636433e-03	2.240319e-03	-6.038858e-04
89            	1.429158e-03	5.470924e-02	1.643175e-03	2.250745e-03	-6.075702e-04
90            	1.436110e-03	5.470820e-02	1.649050e-03	2.260634e-03	-6.115848e-04
91            	1.442026e-03	5.470568e-02	1.654656e-03	2.269354e-03	-6.146982e-04
92            	1.446945e-03	5.470101e-02	1.659380e-03	2.276635e-03	-6.172553e-04
93            	1.453809e-03	5.470093e-02	1.665609e-03	2.286613e-03	-6.210043e-04
94            	1.459362e-03	5.469833e-02	1.670203e-03	2.294463e-03	-6.242600e-04
95            	1.465011e-03	5.469483e-02	1.675560e-03	2.302791e-03	-6.272316e-04
96            	1.470543e-03	5.469160e-02	1.681163e-03	2.311124e-03	-6.299617e-04
97            	1.475305e-03	5.468858e-02	1.684961e-03	2.317786e-03	-6.328252e-04
98            	1.481142e-03	5.468992e-02	1.690485e-03	2.326385e-03	-6.358995e-04
99            	1.485281e-03	5.468205e-02	1.694488e-03	2.332525e-03	-6.380369e-04
100           	1.491581e-03	5.468635e-02	1.698942e-03	2.341052e-03	-6.421105e-04
101           	1.494929e-03	5.468113e-02	1.703757e-03	2.346807e-03	-6.430501e-04
102           	1.501187e-03	5.467947e-02	1.708041e-03	2.355207e-03	-6.471661e-04
103           	1.506349e-03	5.467679e-02	1.712363e-03	2.362530e-03	-6.501674e-04
104           	1.509991e-03	5.467910e-02	1.716433e-03	2.368208e-03	-6.517747e-04
105           	1.515231e-03	5.467063e-02	1.721068e-03	2.375765e-03	-6.546965e-04
106           	1.519011e-03	5.467690e-02	1.724866e-03	2.381444e-03	-6.565781e-04
107           	1.524195e-03	5.466974e-02	1.729367e-03	2.388879e-03	-6.595115e-04
108           	1.528757e-03	5.467227e-02	1.733767e-03	2.395640e-03	-6.618734e-04
109           	1.533804e-03	5.466513e-02	1.738030e-03	2.402820e-03	-6.647890e-04
110           	1.537715e-03	5.466707e-02	1.741773e-03	2.408602e-03	-6.668286e-04
111           	1.543809e-03	5.466268e-02	1.747095e-03	2.417357e-03	-6.702616e-04
112           	1.547286e-03	5.466014e-02	1.750926e-03	2.422748e-03	-6.718226e-04
113           	1.554184e-03	5.466206e-02	1.756514e-03	2.432441e-03	-6.759270e-04
114           	1.558701e-03	5.465946e-02	1.761514e-03	2.439457e-03	-6.779436e-04
115           	1.564552e-03	5.465457e-02	1.766076e-03	2.447590e-03	-6.815139e-04
116           	1.569597e-03	5.465931e-02	1.771368e-03	2.455281e-03	-6.839135e-04
117           	1.574893e-03	5.465064e-02	1.776406e-03	2.463096e-03	-6.866897e-04
118           	1.581049e-03	5.465334e-02	1.781641e-03	2.471870e-03	-6.902284e-04
119           	1.587084e-03	5.465009e-02	1.787589e-03	2.480878e-03	-6.932894e-04
120           	1.593326e-03	5.464714e-02	1.793142e-03	2.489897e-03	-6.967548e-04
121           	1.599228e-03	5.464802e-02	1.798866e-03	2.498661e-03	-6.997953e-04
122           	1.605972e-03	5.464684e-02	1.805041e-03	2.508492e-03	-7.034517e-04
123           	1.614743e-03	5.464132e-02	1.812091e-03	2.520789e-03	-7.086977e-04
124           	1.619494e-03	5.464300e-02	1.817303e-03	2.528145e-03	-7.108420e-04
125           	1.627629e-03	5.463907e-02	1.824548e-03	2.539903e-03	-7.153547e-04
126           	1.633730e-03	5.463938e-02	1.831464e-03	2.549462e-03	-7.179981e-04
127           	1.643279e-03	5.463313e-02	1.838159e-03	2.562359e-03	-7.241994e-04
128           	1.649037e-03	5.463549e-02	1.845139e-03	2.571607e-03	-7.264677e-04
129           	1.656730e-03	5.462864e-02	1.851718e-03	2.582589e-03	-7.308709e-04
130           	1.662641e-03	5.462776e-02	1.855946e-03	2.590614e-03	-7.346684e-04
131           	1.664616e-03	5.462700e-02	1.858322e-03	2.593777e-03	-7.354551e-04
132           	1.665042e-03	5.462230e-02	1.857685e-03	2.593884e-03	-7.361993e-04
133           	1.662967e-03	5.462542e-02	1.854999e-03	2.590467e-03	-7.354682e-04
134           	1.658053e-03	5.462342e-02	1.850065e-03	2.583085e-03	-7.330202e-04
135           	1.650854e-03	5.462190e-02	1.841860e-03	2.571784e-03	-7.299238e-04
136           	1.640494e-03	5.463003e-02	1.831710e-03	2.556349e-03	-7.246384e-04
137           	1.632409e-03	5.463068e-02	1.822946e-03	2.543883e-03	-7.209361e-04
138           	1.623455e-03	5.463926e-02	1.813980e-03	2.530445e-03	-7.164645e-04
139           	1.616457e-03	5.464302e-02	1.806342e-03	2.519628e-03	-7.132861e-04
140           	1.609513e-03	5.465197e-02	1.800591e-03	2.509809e-03	-7.092175e-04
141           	1.604772e-03	5.465308e-02	1.796128e-03	2.502836e-03	-7.067081e-04
142           	1.597142e-03	5.466037e-02	1.788868e-03	2.491576e-03	-7.027077e-04
143           	1.592502e-03	5.466614e-02	1.784020e-03	2.484512e-03	-7.004916e-04
144           	1.585013e-03	5.466701e-02	1.777803e-03	2.473915e-03	-6.961117e-04
145           	1.578348e-03	5.467036e-02	1.770719e-03	2.463707e-03	-6.929887e-04
146           	1.570931e-03	5.467776e-02	1.764522e-03	2.453192e-03	-6.886701e-04
147           	1.565327e-03	5.467426e-02	1.758878e-03	2.444766e-03	-6.858875e-04
148           	1.557877e-03	5.467979e-02	1.751983e-03	2.433868e-03	-6.818853e-04
149           	1.550752e-03	5.468007e-02	1.746713e-03	2.424109e-03	-6.773954e-04
150           	1.545983e-03	5.468462e-02	1.741454e-03	2.416710e-03	-6.752557e-04
151           	1.539806e-03	5.468348e-02	1.735815e-03	2.407714e-03	-6.718987e-04
152           	1.533635e-03	5.468932e-02	1.730631e-03	2.398950e-03	-6.683194e-04
153           	1.528905e-03	5.468907e-02	1.725904e-03	2.391856e-03	-6.659529e-04
154           	1.522904e-03	5.469386e-02	1.720632e-03	2.383220e-03	-6.625886e-04
155           	1.518869e-03	5.469160e-02	1.716606e-03	2.377172e-03	-6.605662e-04
156           	1.514402e-03	5.469811e-02	1.713305e-03	2.371054e-03	-6.577498e-04
157           	1.511219e-03	5.469488e-02	1.710109e-03	2.366273e-03	-6.561642e-04
158           	1.509251e-03	5.470157e-02	1.708582e-03	2.363542e-03	-6.549593e-04
159           	1.507570e-03	5.469677e-02	1.707243e-03	2.361191e-03	-6.539481e-04
160           	1.505583e-03	5.470169e-02	1.705260e-03	2.358213e-03	-6.529530e-04
161           	1.504103e-03	5.470003e-02	1.705343e-03	2.356775e-03	-6.514319e-04
162           	1.503658e-03	5.469953e-02	1.704579e-03	2.355948e-03	-6.513691e-04
163           	1.504409e-03	5.469983e-02	1.704967e-03	2.356892e-03	-6.519255e-04
164           	1.503870e-03	5.470029e-02	1.705370e-03	2.356555e-03	-6.511845e-04
165           	1.505384e-03	5.469469e-02	1.706567e-03	2.358668e-03	-6.521007e-04
166           	1.505166e-03	5.469624e-02	1.706627e-03	2.358480e-03	-6.518529e-04
167           	1.506005e-03	5.469268e-02	1.707314e-03	2.359662e-03	-6.523480e-04
168           	1.507325e-03	5.469319e-02	1.708903e-03	2.361777e-03	-6.528734e-04
169           	1.507854e-03	5.469058e-02	1.709475e-03	2.362591e-03	-6.531166e-04
170           	1.509722e-03	5.469321e-02	1.711197e-03	2.365321e-03	-6.541237e-04
171           	1.510839e-03	5.468762e-02	1.712565e-03	2.367122e-03	-6.545567e-04
172           	1.511476e-03	5.468866e-02	1.712702e-03	2.367827e-03	-6.551252e-04
173           	1.512309e-03	5.468630e-02	1.713827e-03	2.369222e-03	-6.553956e-04
174           	1.512961e-03	5.468699e-02	1.714484e-03	2.370203e-03	-6.557191e-04
175           	1.515054e-03	5.468440e-02	1.715420e-03	2.372764e-03	-6.573447e-04
176           	1.514405e-03	5.468817e-02	1.716309e-03	2.372559e-03	-6.562503e-04
177           	1.516088e-03	5.468147e-02	1.717328e-03	2.374752e-03	-6.574246e-04
178           	1.516689e-03	5.468868e-02	1.717454e-03	2.375416e-03	-6.579618e-04
179           	1.516942e-03	5.468418e-02	1.717592e-03	2.375738e-03	-6.581457e-04
180           	1.516620e-03	5.468427e-02	1.717666e-03	2.375454e-03	-6.577873e-04
181           	1.517949e-03	5.468710e-02	1.718356e-03	2.377127e-03	-6.587711e-04
182           	1.516951e-03	5.468420e-02	1.718490e-03	2.376196e-03	-6.577053e-04
183           	1.520288e-03	5.468563e-02	1.719896e-03	2.380235e-03	-6.603397e-04
184           	1.517974e-03	5.468553e-02	1.718905e-03	2.377426e-03	-6.585218e-04
185           	1.518698e-03	5.468576e-02	1.719095e-03	2.378245e-03	-6.591501e-04
186           	1.518186e-03	5.468453e-02	1.719167e-03	2.377769e-03	-6.586024e-04
187           	1.519310e-03	5.468300e-02	1.719151e-03	2.378886e-03	-6.597344e-04
188           	1.519743e-03	5.468571e-02	1.720216e-03	2.379851e-03	-6.596353e-04
189           	1.520785e-03	5.468235e-02	1.721913e-03	2.381742e-03	-6.598287e-04
190           	1.522616e-03	5.468470e-02	1.722344e-03	2.383788e-03	-6.614439e-04
191           	1.523293e-03	5.468498e-02	1.723904e-03	2.385245e-03	-6.613409e-04
192           	1.524806e-03	5.468291e-02	1.725210e-03	2.387411e-03	-6.622010e-04
193           	1.527790e-03	5.468218e-02	1.727234e-03	2.391407e-03	-6.641731e-04
194           	1.528368e-03	5.468563e-02	1.728931e-03	2.392834e-03	-6.639031e-04
195           	1.532301e-03	5.467749e-02	1.731590e-03	2.398096e-03	-6.665065e-04
196           	1.532144e-03	5.468371e-02	1.732798e-03	2.398543e-03	-6.657454e-04
197           	1.534454e-03	5.467734e-02	1.734450e-03	2.401679e-03	-6.672289e-04
198           	1.535896e-03	5.468196e-02	1.736290e-03	2.404041e-03	-6.677513e-04
199           	1.538348e-03	5.467547e-02	1.737823e-03	2.407259e-03	-6.694359e-04
200           	1.539805e-03	5.467684e-02	1.739194e-03	2.409402e-03	-6.702078e-04
201           	1.541885e-03	5.467528e-02	1.741441e-03	2.412606e-03	-6.711646e-04
202           	1.543551e-03	5.467367e-02	1.742350e-03	2.414726e-03	-6.723755e-04
203           	1.544241e-03	5.467536e-02	1.743697e-03	2.416089e-03	-6.723921e-04
204           	1.546458e-03	5.467197e-02	1.745123e-03	2.419019e-03	-6.738962e-04
205           	1.546077e-03	5.466995e-02	1.745496e-03	2.418824e-03	-6.733288e-04
206           	1.547530e-03	5.467557e-02	1.746406e-03	2.420733e-03	-6.743276e-04
207           	1.548544e-03	5.466749e-02	1.746974e-03	2.422031e-03	-6.750564e-04
208           	1.548375e-03	5.467333e-02	1.746623e-03	2.421686e-03	-6.750635e-04
209           	1.547613e-03	5.467094e-02	1.746670e-03	2.420948e-03	-6.742780e-04
210           	1.548864e-03	5.467391e-02	1.746720e-03	2.422224e-03	-6.755041e-04
211           	1.547882e-03	5.467142e-02	1.745929e-03	2.420846e-03	-6.749177e-04
212           	1.546808e-03	5.467518e-02	1.745175e-03	2.419395e-03	-6.742205e-04
213           	1.547931e-03	5.467320e-02	1.745814e-03	2.420838e-03	-6.750239e-04
214           	1.547187e-03	5.467688e-02	1.745168e-03	2.419771e-03	-6.746026e-04
215           	1.548873e-03	5.467664e-02	1.745923e-03	2.421835e-03	-6.759119e-04
216           	1.547430e-03	5.467871e-02	1.746406e-03	2.420633e-03	-6.742271e-04
217           	1.549881e-03	5.467739e-02	1.747018e-03	2.423390e-03	-6.763724e-04
218           	1.548989e-03	5.468003e-02	1.747299e-03	2.422639e-03	-6.753396e-04
219           	1.550651e-03	5.467658e-02	1.748296e-03	2.424799e-03	-6.765030e-04
220           	1.550330e-03	5.468046e-02	1.747742e-03	2.424201e-03	-6.764590e-04
221           	1.550842e-03	5.467907e-02	1.748963e-03	2.425324e-03	-6.763608e-04
222           	1.551381e-03	5.467637e-02	1.749357e-03	2.426060e-03	-6.767031e-04
223           	1.553025e-03	5.467814e-02	1.749606e-03	2.427828e-03	-6.782225e-04
224           	1.551825e-03	5.468005e-02	1.749915e-03	2.426783e-03	-6.768678e-04
225           	1.552268e-03	5.467486e-02	1.749757e-03	2.427146e-03	-6.773899e-04
226           	1.551841e-03	5.468239e-02	1.749708e-03	2.426695e-03	-6.769873e-04
227           	1.551904e-03	5.467801e-02	1.749489e-03	2.426649e-03	-6.771601e-04
228           	1.552801e-03	5.467995e-02	1.750169e-03	2.427886e-03	-6.777163e-04
229           	1.552413e-03	5.467938e-02	1.749949e-03	2.427387e-03	-6.774387e-04
230           	1.552440e-03	5.468061e-02	1.749779e-03	2.427329e-03	-6.775501e-04
231           	1.552873e-03	5.468047e-02	1.750190e-03	2.427968e-03	-6.777784e-04
232           	1.551213e-03	5.467766e-02	1.748954e-03	2.425690e-03	-6.767357e-04
233           	1.552546e-03	5.468363e-02	1.749834e-03	2.427463e-03	-6.776289e-04
234           	1.551702e-03	5.468253e-02	1.749498e-03	2.426451e-03	-6.769535e-04
235           	1.553112e-03	5.467872e-02	1.749611e-03	2.427918e-03	-6.783069e-04
236           	1.551439e-03	5.468459e-02	1.749381e-03	2.426129e-03	-6.767481e-04
237           	1.551835e-03	5.467982e-02	1.749175e-03	2.426422e-03	-6.772473e-04
238           	1.551593e-03	5.468232e-02	1.748999e-03	2.426093e-03	-6.770935e-04
239           	1.551586e-03	5.468176e-02	1.749010e-03	2.426091e-03	-6.770807e-04
240           	1.551493e-03	5.468084e-02	1.748957e-03	2.425972e-03	-6.770144e-04
241           	1.551385e-03	5.468276e-02	1.748942e-03	2.425856e-03	-6.769145e-04
242           	1.550742e-03	5.468217e-02	1.748295e-03	2.424890e-03	-6.765948e-04
243           	1.552087e-03	5.468238e-02	1.748734e-03	2.426454e-03	-6.777202e-04
244           	1.550393e-03	5.468299e-02	1.747533e-03	2.424160e-03	-6.766270e-04
245           	1.550438e-03	5.468177e-02	1.747833e-03	2.424354e-03	-6.765213e-04
246           	1.549724e-03	5.468409e-02	1.747390e-03	2.423419e-03	-6.760297e-04
247           	1.549693e-03	5.468208e-02	1.746600e-03	2.422993e-03	-6.763926e-04
248           	1.549257e-03	5.468841e-02	1.746775e-03	2.422644e-03	-6.758692e-04
249           	1.548788e-03	5.468137e-02	1.746639e-03	2.422108e-03	-6.754684e-04
250           	1.548359e-03	5.468844e-02	1.745252e-03	2.420985e-03	-6.757328e-04
251           	1.547960e-03	5.468582e-02	1.745622e-03	2.420771e-03	-6.751486e-04
252           	1.547258e-03	5.468571e-02	1.745145e-03	2.419831e-03	-6.746860e-04
253           	1.547818e-03	5.468628e-02	1.744923e-03	2.420280e-03	-6.753571e-04
254           	1.547012e-03	5.468928e-02	1.744968e-03	2.419496e-03	-6.745280e-04
255           	1.547569e-03	5.468414e-02	1.744856e-03	2.419997e-03	-6.751404e-04
256           	1.546688e-03	5.468782e-02	1.744155e-03	2.418765e-03	-6.746103e-04
257           	1.546464e-03	5.468495e-02	1.744097e-03	2.418513e-03	-6.744152e-04
258           	1.546237e-03	5.468654e-02	1.743927e-03	2.418200e-03	-6.742733e-04
259           	1.546065e-03	5.468488e-02	1.743403e-03	2.417767e-03	-6.743632e-04
260           	1.545395e-03	5.468785e-02	1.743204e-03	2.416997e-03	-6.737933e-04
261           	1.544913e-03	5.468505e-02	1.743369e-03	2.416597e-03	-6.732283e-04
262           	1.544664e-03	5.468688e-02	1.742427e-03	2.415878e-03	-6.734503e-04
263           	1.545281e-03	5.468604e-02	1.742596e-03	2.416579e-03	-6.739832e-04
264           	1.544013e-03	5.468594e-02	1.742140e-03	2.415083e-03	-6.729429e-04
265           	1.544802e-03	5.468655e-02	1.741987e-03	2.415795e-03	-6.738082e-04
266           	1.543748e-03	5.469133e-02	1.742190e-03	2.414843e-03	-6.726533e-04
267           	1.545138e-03	5.468480e-02	1.742274e-03	2.416274e-03	-6.740007e-04
268           	1.543049e-03	5.469056e-02	1.741278e-03	2.413688e-03	-6.724100e-04
269           	1.543236e-03	5.468774e-02	1.741746e-03	2.414109e-03	-6.723628e-04
270           	1.543353e-03	5.468822e-02	1.741118e-03	2.413912e-03	-6.727946e-04
271           	1.543119e-03	5.468875e-02	1.740775e-03	2.413506e-03	-6.727310e-04
272           	1.542434e-03	5.468808e-02	1.740674e-03	2.412771e-03	-6.720969e-04
273           	1.544043e-03	5.468907e-02	1.741817e-03	2.414952e-03	-6.731351e-04
274           	1.543308e-03	5.468827e-02	1.741088e-03	2.413852e-03	-6.727639e-04
275           	1.543331e-03	5.468760e-02	1.741301e-03	2.413981e-03	-6.726800e-04
276           	1.542559e-03	5.468881e-02	1.740871e-03	2.412994e-03	-6.721232e-04
277           	1.542001e-03	5.468393e-02	1.740046e-03	2.412024e-03	-6.719780e-04
278           	1.542417e-03	5.469039e-02	1.740484e-03	2.412658e-03	-6.721747e-04
279           	1.542840e-03	5.468436e-02	1.740637e-03	2.413159e-03	-6.725218e-04
280           	1.542565e-03	5.468872e-02	1.740345e-03	2.412738e-03	-6.723927e-04
281           	1.541716e-03	5.468544e-02	1.740263e-03	2.411848e-03	-6.715850e-04
282           	1.541601e-03	5.468900e-02	1.739951e-03	2.411577e-03	-6.716259e-04
283           	1.542235e-03	5.468613e-02	1.739652e-03	2.412061e-03	-6.724085e-04
284           	1.541336e-03	5.469111e-02	1.739583e-03	2.411128e-03	-6.715447e-04
285           	1.542496e-03	5.468563e-02	1.740335e-03	2.412663e-03	-6.723284e-04
286           	1.541087e-03	5.469099e-02	1.739785e-03	2.410980e-03	-6.711947e-04
287           	1.542174e-03	5.468810e-02	1.740094e-03	2.412221e-03	-6.721272e-04
288           	1.541681e-03	5.468808e-02	1.740292e-03	2.411828e-03	-6.715352e-04
289           	1.541603e-03	5.468865e-02	1.739754e-03	2.411481e-03	-6.717262e-04
290           	1.541742e-03	5.468918e-02	1.739690e-03	2.411587e-03	-6.718970e-04
291           	1.542728e-03	5.468656e-02	1.740859e-03	2.413157e-03	-6.722979e-04
292           	1.541983e-03	5.468633e-02	1.739894e-03	2.411930e-03	-6.720358e-04
293           	1.542520e-03	5.468958e-02	1.740810e-03	2.412925e-03	-6.721152e-04
294           	1.541956e-03	5.468636e-02	1.740720e-03	2.412316e-03	-6.715962e-04
295           	1.543001e-03	5.468513e-02	1.740565e-03	2.413283e-03	-6.727183e-04
296           	1.541891e-03	5.468927e-02	1.740714e-03	2.412248e-03	-6.715343e-04
297           	1.541984e-03	5.468297e-02	1.740660e-03	2.412314e-03	-6.716533e-04
298           	1.543544e-03	5.468821e-02	1.740766e-03	2.413927e-03	-6.731608e-04
299           	1.542190e-03	5.468628e-02	1.740536e-03	2.412458e-03	-6.719224e-04
300           	1.542967e-03	5.468622e-02	1.740507e-03	2.413220e-03	-6.727134e-04
301           	1.542325e-03	5.468739e-02	1.740850e-03	2.412750e-03	-6.718996e-04
302           	1.541849e-03	5.468724e-02	1.740187e-03	2.411942e-03	-6.717557e-04
303           	1.543433e-03	5.468634e-02	1.740961e-03	2.413913e-03	-6.729527e-04
304           	1.541828e-03	5.468990e-02	1.740173e-03	2.411914e-03	-6.717413e-04
305           	1.542311e-03	5.468609e-02	1.740157e-03	2.412389e-03	-6.722324e-04
306           	1.541331e-03	5.469046e-02	1.740256e-03	2.411459e-03	-6.712036e-04
307           	1.543467e-03	5.468571e-02	1.740415e-03	2.413675e-03	-6.732599e-04
308           	1.541738e-03	5.468973e-02	1.740538e-03	2.412008e-03	-6.714692e-04
309           	1.542638e-03	5.468406e-02	1.740963e-03	2.413120e-03	-6.721570e-04
310           	1.542489e-03	5.468782e-02	1.740536e-03	2.412757e-03	-6.722213e-04
311           	1.542660e-03	5.468872e-02	1.740815e-03	2.413068e-03	-6.722521e-04
312           	1.542554e-03	5.468442e-02	1.740885e-03	2.412997e-03	-6.721120e-04
313           	1.543507e-03	5.468724e-02	1.741183e-03	2.414098e-03	-6.729154e-04
314           	1.542945e-03	5.468851e-02	1.741368e-03	2.413629e-03	-6.722609e-04
315           	1.543581e-03	5.468254e-02	1.741599e-03	2.414381e-03	-6.727819e-04
316           	1.542696e-03	5.468848e-02	1.740852e-03	2.413122e-03	-6.722699e-04
317           	1.542263e-03	5.468348e-02	1.740981e-03	2.412753e-03	-6.717728e-04
318           	1.542968e-03	5.468936e-02	1.740960e-03	2.413448e-03	-6.724884e-04
319           	1.543860e-03	5.468308e-02	1.741587e-03	2.414653e-03	-6.730666e-04
320           	1.543247e-03	5.468916e-02	1.741242e-03	2.413869e-03	-6.726262e-04
321           	1.543836e-03	5.468521e-02	1.741853e-03	2.414762e-03	-6.729096e-04
322           	1.542636e-03	5.468798e-02	1.740817e-03	2.413044e-03	-6.722271e-04
323           	1.543681e-03	5.468723e-02	1.741253e-03	2.414308e-03	-6.730546e-04
324           	1.542961e-03	5.468908e-02	1.741414e-03	2.413669e-03	-6.722542e-04
325           	1.543775e-03	5.468639e-02	1.741484e-03	2.414518e-03	-6.730333e-04
326           	1.543211e-03	5.468960e-02	1.741759e-03	2.414090e-03	-6.723310e-04
327           	1.544414e-03	5.468412e-02	1.741960e-03	2.415394e-03	-6.734341e-04
328           	1.543366e-03	5.468746e-02	1.741351e-03	2.414041e-03	-6.726902e-04
329           	1.542555e-03	5.468636e-02	1.741529e-03	2.413319e-03	-6.717900e-04
330           	1.544207e-03	5.468545e-02	1.741845e-03	2.415130e-03	-6.732843e-04
331           	1.543618e-03	5.468640e-02	1.741935e-03	2.414585e-03	-6.726503e-04
332           	1.543852e-03	5.468579e-02	1.742017e-03	2.414861e-03	-6.728439e-04
333           	1.544400e-03	5.468485e-02	1.742260e-03	2.415530e-03	-6.732697e-04
334           	1.543628e-03	5.468621e-02	1.741462e-03	2.414358e-03	-6.728968e-04
335           	1.543769e-03	5.468556e-02	1.741142e-03	2.414340e-03	-6.731981e-04
336           	1.543016e-03	5.468611e-02	1.741627e-03	2.413829e-03	-6.722025e-04
337           	1.543541e-03	5.468530e-02	1.741103e-03	2.414092e-03	-6.729891e-04
338           	1.543205e-03	5.469070e-02	1.741528e-03	2.413969e-03	-6.724406e-04
339           	1.544038e-03	5.468475e-02	1.742175e-03	2.415126e-03	-6.729501e-04
340           	1.543941e-03	5.468886e-02	1.741380e-03	2.414631e-03	-6.732516e-04
341           	1.543334e-03	5.468842e-02	1.741902e-03	2.414285e-03	-6.723828e-04
342           	1.543168e-03	5.468558e-02	1.741604e-03	2.413970e-03	-6.723656e-04
343           	1.545067e-03	5.468746e-02	1.742320e-03	2.416227e-03	-6.739074e-04
344           	1.543830e-03	5.468818e-02	1.741914e-03	2.414788e-03	-6.728733e-04
345           	1.544196e-03	5.468557e-02	1.742282e-03	2.415337e-03	-6.730545e-04
346           	1.543516e-03	5.469018e-02	1.741700e-03	2.414366e-03	-6.726654e-04
347           	1.544136e-03	5.468507e-02	1.741870e-03	2.415071e-03	-6.732014e-04
348           	1.543915e-03	5.468746e-02	1.742062e-03	2.414946e-03	-6.728835e-04
349           	1.543863e-03	5.468448e-02	1.741851e-03	2.414789e-03	-6.729377e-04
350           	1.543767e-03	5.468838e-02	1.741996e-03	2.414765e-03	-6.727689e-04
351           	1.544415e-03	5.468398e-02	1.742428e-03	2.415628e-03	-6.732007e-04
352           	1.543116e-03	5.468683e-02	1.741555e-03	2.413894e-03	-6.723386e-04
353           	1.544357e-03	5.468632e-02	1.742283e-03	2.415498e-03	-6.732153e-04
354           	1.543945e-03	5.468697e-02	1.741960e-03	2.414925e-03	-6.729649e-04
355           	1.544642e-03	5.468342e-02	1.741637e-03	2.415460e-03	-6.738235e-04
356           	1.543180e-03	5.469000e-02	1.741615e-03	2.413988e-03	-6.723727e-04
357           	1.543816e-03	5.468503e-02	1.741795e-03	2.414714e-03	-6.729188e-04
358           	1.543665e-03	5.468891e-02	1.741471e-03	2.414401e-03	-6.729300e-04
359           	1.543289e-03	5.468788e-02	1.741702e-03	2.414140e-03	-6.724379e-04
360           	1.543554e-03	5.468797e-02	1.741594e-03	2.414351e-03	-6.727566e-04
361           	1.543544e-03	5.468663e-02	1.741502e-03	2.414295e-03	-6.727935e-04
362           	1.542893e-03	5.468757e-02	1.740972e-03	2.413379e-03	-6.724075e-04
363           	1.544673e-03	5.468858e-02	1.741837e-03	2.415592e-03	-6.737549e-04
364           	1.543426e-03	5.468737e-02	1.741416e-03	2.414134e-03	-6.727181e-04
365           	1.543916e-03	5.468575e-02	1.742109e-03	2.414971e-03	-6.728621e-04
366           	1.543695e-03	5.468784e-02	1.742272e-03	2.414831e-03	-6.725588e-04
367           	1.543956e-03	5.468410e-02	1.741578e-03	2.414745e-03	-6.731675e-04
368           	1.543651e-03	5.468755e-02	1.741891e-03	2.414596e-03	-6.727051e-04
369           	1.543563e-03	5.468369e-02	1.742064e-03	2.414595e-03	-6.725309e-04
370           	1.544514e-03	5.468811e-02	1.741789e-03	2.415408e-03	-6.736190e-04
371           	1.544166e-03	5.468704e-02	1.742266e-03	2.415299e-03	-6.730332e-04
372           	1.543586e-03	5.468487e-02	1.741769e-03	2.414471e-03	-6.727014e-04
373           	1.543979e-03	5.468675e-02	1.741771e-03	2.414865e-03	-6.730935e-04
374           	1.542797e-03	5.469019e-02	1.741355e-03	2.413475e-03	-6.721194e-04
375           	1.545031e-03	5.468249e-02	1.742189e-03	2.416126e-03	-6.739364e-04
376           	1.542702e-03	5.469004e-02	1.741291e-03	2.413348e-03	-6.720568e-04
377           	1.544490e-03	5.468667e-02	1.742002e-03	2.415491e-03	-6.734891e-04
378           	1.543683e-03	5.468865e-02	1.742414e-03	2.414890e-03	-6.724755e-04
379           	1.544373e-03	5.468571e-02	1.741726e-03	2.415236e-03	-6.735101e-04
380           	1.543451e-03	5.469002e-02	1.741391e-03	2.414146e-03	-6.727556e-04
381           	1.543190e-03	5.468687e-02	1.741824e-03	2.414101e-03	-6.722777e-04
382           	1.543381e-03	5.468552e-02	1.741194e-03	2.413978e-03	-6.727844e-04
383           	1.544211e-03	5.468859e-02	1.741948e-03	2.415185e-03	-6.732365e-04
384           	1.544137e-03	5.468583e-02	1.742216e-03	2.415245e-03	-6.730296e-04
385           	1.543391e-03	5.468673e-02	1.741469e-03	2.414126e-03	-6.726569e-04
386           	1.543510e-03	5.468947e-02	1.741779e-03	2.414399e-03	-6.726203e-04
387           	1.543374e-03	5.468273e-02	1.741651e-03	2.414199e-03	-6.725484e-04
388           	1.543684e-03	5.468923e-02	1.741201e-03	2.414285e-03	-6.730835e-04
389           	1.543168e-03	5.468420e-02	1.741573e-03	2.413954e-03	-6.723813e-04
390           	1.543687e-03	5.468748e-02	1.741253e-03	2.414314e-03	-6.730603e-04
391           	1.543719e-03	5.468535e-02	1.741381e-03	2.414410e-03	-6.730285e-04
392           	1.542922e-03	5.468829e-02	1.741467e-03	2.413656e-03	-6.721888e-04
393           	1.544290e-03	5.468570e-02	1.741956e-03	2.415268e-03	-6.733119e-04
394           	1.543320e-03	5.469036e-02	1.741369e-03	2.414005e-03	-6.726356e-04
395           	1.543930e-03	5.468661e-02	1.741757e-03	2.414809e-03	-6.730522e-04
396           	1.543325e-03	5.468882e-02	1.741726e-03	2.414188e-03	-6.724619e-04
397           	1.543812e-03	5.468660e-02	1.741532e-03	2.414578e-03	-6.730467e-04
398           	1.543803e-03	5.468903e-02	1.741732e-03	2.414669e-03	-6.729374e-04
399           	1.544463e-03	5.468662e-02	1.742278e-03	2.415602e-03	-6.733240e-04
400           	1.543826e-03	5.468497e-02	1.741430e-03	2.414541e-03	-6.731104e-04
401           	1.542839e-03	5.468828e-02	1.741835e-03	2.413757e-03	-6.719221e-04
402           	1.543612e-03	5.468635e-02	1.741601e-03	2.414413e-03	-6.728115e-04
403           	1.544200e-03	5.468674e-02	1.741729e-03	2.415064e-03	-6.733353e-04
404           	1.543787e-03	5.468799e-02	1.742146e-03	2.414860e-03	-6.727145e-04
405           	1.544036e-03	5.468395e-02	1.742193e-03	2.415133e-03	-6.729397e-04
406           	1.543146e-03	5.468732e-02	1.741711e-03	2.414001e-03	-6.722908e-04
407           	1.543355e-03	5.468447e-02	1.741147e-03	2.413928e-03	-6.727817e-04
408           	1.543258e-03	5.468692e-02	1.741562e-03	2.414039e-03	-6.724770e-04
409           	1.543473e-03	5.468554e-02	1.741317e-03	2.414131e-03	-6.728143e-04
410           	1.543692e-03	5.468968e-02	1.741368e-03	2.414376e-03	-6.730077e-04
411           	1.544368e-03	5.468555e-02	1.742043e-03	2.415390e-03	-6.733465e-04
412           	1.542722e-03	5.468804e-02	1.740774e-03	2.413109e-03	-6.723350e-04
413           	1.543684e-03	5.468850e-02	1.741542e-03	2.414455e-03	-6.729130e-04
414           	1.542239e-03	5.468846e-02	1.741100e-03	2.412789e-03	-6.716894e-04
415           	1.544220e-03	5.468596e-02	1.741322e-03	2.414882e-03	-6.735592e-04
416           	1.542561e-03	5.469193e-02	1.741227e-03	2.413174e-03	-6.719468e-04
417           	1.544470e-03	5.468383e-02	1.742088e-03	2.415514e-03	-6.734261e-04
418           	1.543543e-03	5.468814e-02	1.741529e-03	2.414307e-03	-6.727782e-04
419           	1.543877e-03	5.468741e-02	1.741718e-03	2.414736e-03	-6.730181e-04
420           	1.543306e-03	5.468449e-02	1.741662e-03	2.414137e-03	-6.724752e-04
421           	1.543881e-03	5.468680e-02	1.741853e-03	2.414807e-03	-6.729545e-04
422           	1.543097e-03	5.468683e-02	1.741783e-03	2.413988e-03	-6.722051e-04
423           	1.544890e-03	5.468488e-02	1.742621e-03	2.416200e-03	-6.735788e-04
424           	1.543565e-03	5.468694e-02	1.741594e-03	2.414362e-03	-6.727684e-04
425           	1.543575e-03	5.468497e-02	1.741434e-03	2.414292e-03	-6.728582e-04
426           	1.542756e-03	5.468786e-02	1.741070e-03	2.413291e-03	-6.722211e-04
427           	1.543768e-03	5.468361e-02	1.741280e-03	2.414408e-03	-6.731276e-04
428           	1.543545e-03	5.468963e-02	1.741426e-03	2.414258e-03	-6.728320e-04
429           	1.543118e-03	5.468444e-02	1.741837e-03	2.414037e-03	-6.721996e-04
430           	1.544163e-03	5.468969e-02	1.741503e-03	2.414915e-03	-6.734114e-04
431           	1.543332e-03	5.468756e-02	1.741573e-03	2.414118e-03	-6.725452e-04
432           	1.542883e-03	5.468674e-02	1.741165e-03	2.413466e-03	-6.723002e-04
433           	1.543786e-03	5.468753e-02	1.741287e-03	2.414430e-03	-6.731429e-04
434           	1.543309e-03	5.469032e-02	1.741580e-03	2.414099e-03	-6.725191e-04
435           	1.544279e-03	5.468423e-02	1.741726e-03	2.415142e-03	-6.734163e-04
436           	1.543303e-03	5.469069e-02	1.741598e-03	2.414102e-03	-6.725040e-04
437           	1.542288e-03	5.468571e-02	1.741088e-03	2.412832e-03	-6.717437e-04
438           	1.544044e-03	5.468767e-02	1.741781e-03	2.414935e-03	-6.731540e-04
439           	1.543351e-03	5.468555e-02	1.741308e-03	2.414005e-03	-6.726970e-04
440           	1.543835e-03	5.468771e-02	1.741608e-03	2.414638e-03	-6.730307e-04
441           	1.543393e-03	5.468556e-02	1.742238e-03	2.414512e-03	-6.722738e-04
442           	1.544308e-03	5.468536e-02	1.741845e-03	2.415231e-03	-6.733853e-04
443           	1.543963e-03	5.468724e-02	1.741822e-03	2.414874e-03	-6.730522e-04
444           	1.543815e-03	5.468666e-02	1.741612e-03	2.414621e-03	-6.730093e-04
445           	1.543847e-03	5.468512e-02	1.741530e-03	2.414612e-03	-6.730819e-04
446           	1.543060e-03	5.468917e-02	1.741469e-03	2.413795e-03	-6.723260e-04
447           	1.544371e-03	5.468431e-02	1.741842e-03	2.415292e-03	-6.734505e-04
448           	1.543384e-03	5.468927e-02	1.741599e-03	2.414183e-03	-6.725847e-04
449           	1.543669e-03	5.468690e-02	1.742031e-03	2.414684e-03	-6.726532e-04
450           	1.543164e-03	5.468924e-02	1.741495e-03	2.413912e-03	-6.724171e-04
451           	1.544040e-03	5.468705e-02	1.741926e-03	2.415003e-03	-6.730765e-04
452           	1.542926e-03	5.468668e-02	1.741050e-03	2.413451e-03	-6.724007e-04
453           	1.544406e-03	5.468813e-02	1.742019e-03	2.415416e-03	-6.733968e-04
454           	1.543618e-03	5.468740e-02	1.741555e-03	2.414395e-03	-6.728400e-04
455           	1.544666e-03	5.468784e-02	1.742145e-03	2.415739e-03	-6.735940e-04
456           	1.543118e-03	5.468516e-02	1.742061e-03	2.414148e-03	-6.720870e-04
457           	1.544141e-03	5.468530e-02	1.741782e-03	2.415032e-03	-6.732500e-04
458           	1.543086e-03	5.469019e-02	1.741657e-03	2.413915e-03	-6.722577e-04
459           	1.543711e-03	5.468171e-02	1.741731e-03	2.414577e-03	-6.728459e-04
460           	1.543308e-03	5.468785e-02	1.741107e-03	2.413861e-03	-6.727540e-04
461           	1.543391e-03	5.468632e-02	1.741589e-03	2.414185e-03	-6.725964e-04
462           	1.542946e-03	5.468608e-02	1.741420e-03	2.413656e-03	-6.722364e-04
463           	1.544312e-03	5.468411e-02	1.741454e-03	2.415039e-03	-6.735850e-04
464           	1.542790e-03	5.469029e-02	1.741242e-03	2.413411e-03	-6.721691e-04
465           	1.543340e-03	5.468406e-02	1.741074e-03	2.413876e-03	-6.728026e-04
466           	1.542613e-03	5.468988e-02	1.740735e-03	2.412980e-03	-6.722450e-04
467           	1.543648e-03	5.468749e-02	1.741133e-03	2.414215e-03	-6.730815e-04
468           	1.543294e-03	5.468851e-02	1.741572e-03	2.414080e-03	-6.725074e-04
469           	1.543610e-03	5.468728e-02	1.741747e-03	2.414484e-03	-6.727366e-04
470           	1.543483e-03	5.468779e-02	1.741330e-03	2.414148e-03	-6.728181e-04
471           	1.543512e-03	5.468753e-02	1.741805e-03	2.414414e-03	-6.726096e-04
472           	1.543009e-03	5.468621e-02	1.740970e-03	2.413494e-03	-6.725242e-04
473           	1.543683e-03	5.468730e-02	1.742029e-03	2.414697e-03	-6.726685e-04
474           	1.544387e-03	5.468718e-02	1.742311e-03	2.415543e-03	-6.732312e-04
475           	1.544643e-03	5.468434e-02	1.742144e-03	2.415715e-03	-6.735708e-04
476           	1.543788e-03	5.468968e-02	1.742277e-03	2.414927e-03	-6.726499e-04
477           	1.543807e-03	5.468236e-02	1.742020e-03	2.414817e-03	-6.727967e-04
478           	1.543660e-03	5.468837e-02	1.741641e-03	2.414481e-03	-6.728399e-04
479           	1.543305e-03	5.468476e-02	1.741603e-03	2.414107e-03	-6.725042e-04
480           	1.544165e-03	5.468599e-02	1.741766e-03	2.415048e-03	-6.732823e-04
481           	1.543599e-03	5.468672e-02	1.741528e-03	2.414363e-03	-6.728356e-04
482           	1.542936e-03	5.468787e-02	1.741208e-03	2.413540e-03	-6.723315e-04
483           	1.544945e-03	5.468715e-02	1.742295e-03	2.416093e-03	-6.737979e-04
484           	1.543061e-03	5.468905e-02	1.741072e-03	2.413596e-03	-6.725249e-04
485           	1.543546e-03	5.468604e-02	1.741765e-03	2.414429e-03	-6.726637e-04
486           	1.543067e-03	5.468963e-02	1.741864e-03	2.413999e-03	-6.721355e-04
487           	1.544521e-03	5.468441e-02	1.741524e-03	2.415283e-03	-6.737592e-04
488           	1.543406e-03	5.468968e-02	1.741739e-03	2.414276e-03	-6.725366e-04
489           	1.543607e-03	5.468587e-02	1.741802e-03	2.414508e-03	-6.727064e-04
490           	1.543846e-03	5.468915e-02	1.741266e-03	2.414478e-03	-6.732129e-04
491           	1.543014e-03	5.468700e-02	1.741503e-03	2.413766e-03	-6.722629e-04
492           	1.543331e-03	5.468595e-02	1.741649e-03	2.414156e-03	-6.725066e-04
493           	1.543962e-03	5.468720e-02	1.741881e-03	2.414903e-03	-6.730214e-04
494           	1.543798e-03	5.468781e-02	1.742021e-03	2.414809e-03	-6.727881e-04
495           	1.544825e-03	5.468423e-02	1.742418e-03	2.416034e-03	-6.736162e-04
496           	1.543649e-03	5.468665e-02	1.741937e-03	2.414617e-03	-6.726800e-04
497           	1.543476e-03	5.468490e-02	1.741788e-03	2.414371e-03	-6.725824e-04
498           	1.543944e-03	5.468711e-02	1.741692e-03	2.414790e-03	-6.730980e-04
499           	1.543577e-03	5.468471e-02	1.741511e-03	2.414332e-03	-6.728210e-04
500           	1.543497e-03	5.469024e-02	1.741277e-03	2.414135e-03	-6.728582e-04
